    unsorted:	 3947.907600 3947.910076 3947.896293 3947.888578 3947.881822 3947.871690 3947.917785 3947.860280 3947.856618 3947.857203 3947.853769 3947.924692 3947.848237 3947.939032 3947.958013 3947.967833 3947.822401 3947.995749 3948.005124 3948.017675 3948.045259 3948.050841 3948.153227 3948.174654 3947.669517 3948.267191 3948.379716 3947.406138 3947.255376 3949.290460 0.03859471609 0.03859471609 0.03859471609 3955.434545 6.700599771 10.28829884 0.9920470034 2.228614604 2.629077346 5.780689129 7.206914199 15.79783711 16.41001651 20.12399499 29.52430804 34.25873284 34.81474617 42.43663222 47.19479840 49.81708637 66.89673762 84.02512475 82.86644527 96.77829995 113.0407763 125.5804233 130.9023264 148.1884334 157.5264062 198.2392211 212.3489725 217.1306878 254.8562522 276.2291645 282.8094851 304.0592966 319.5428149 361.5570150 365.6608539 406.5287173 444.3627297 464.0947303 547.5205973 626.8850053 677.9262780 749.9110492 882.1500636 952.0330895 989.1527107 1025.913977 1198.127826 1324.547389 1566.198070 1694.420286 10301.32824 26502.75706 103202490.2
      sorted:	 0.03859471609 0.03859471609 0.03859471609 0.9920470034 2.228614604 2.629077346 5.780689129 6.700599771 7.206914199 10.28829884 15.79783711 16.41001651 20.12399499 29.52430804 34.25873284 34.81474617 42.43663222 47.19479840 49.81708637 66.89673762 82.86644527 84.02512475 96.77829995 113.0407763 125.5804233 130.9023264 148.1884334 157.5264062 198.2392211 212.3489725 217.1306878 254.8562522 276.2291645 282.8094851 304.0592966 319.5428149 361.5570150 365.6608539 406.5287173 444.3627297 464.0947303 547.5205973 626.8850053 677.9262780 749.9110492 882.1500636 952.0330895 989.1527107 1025.913977 1198.127826 1324.547389 1566.198070 1694.420286 3947.255376 3947.406138 3947.669517 3947.822401 3947.848237 3947.853769 3947.856618 3947.857203 3947.860280 3947.871690 3947.881822 3947.888578 3947.896293 3947.907600 3947.910076 3947.917785 3947.924692 3947.939032 3947.958013 3947.967833 3947.995749 3948.005124 3948.017675 3948.045259 3948.050841 3948.153227 3948.174654 3948.267191 3948.379716 3949.290460 3955.434545 10301.32824 26502.75706 103202490.2
